等级       晶石  奖励
10
15          10    1000
20          11    1100     话费
25          12    1200
30          13    1300 
35          14    1400
40          15    1500     新手初级宝箱
45          16    1600
50          17    1700
60          18    1800     新手中级宝箱
70          19    1900
80          20    2000     新手高级宝箱
90          22    2100

100        25    2200
150        30    2400
200        35    2600
250        40    2800
300        45    3000
350        50    3200
400        55    3400
450        60    3600
500        70    4000
600        85    4400    
700       100   4800    
800       115   5200
900       130   5600

1000     150   6000
1500     200


